  BEAGLE EVENT FILE
 ============================================
I, ievent, genevent, lepton, Atarg, Ztarg, pzlep,pztarg,  pznucl, crang, crori, subprocess, nucleon, targetparton,          xtargparton, beamparton, xbeamparton, thetabeamprtn, truey,       trueQ2, truex, trueW2, trueNu, leptonphi, s_hat, t_hat, u_hat,    pt2_hat, Q2_hat, F2, F1, R, sigma_rad, SigRadCor, EBrems,         photonflux, b, Phib, Thickness, ThickScl, Ncollt, Ncolli,         Nwound, Nwdch, Nnevap, Npevap, Aremn, NINC, NINCch, d1st, davg,   pxf, pyf, pzf, Eexc, RAevt, User1, User2, User3, nrTracks
 ============================================
 I  ISTHKK(I)  IDHKK(I)  JMOHKK(2,I)  JMOHKK(1,I)       JDAHKK(1,I)  JDAHKK(2,I)  PHKK(1,I)  PHKK(2,I)  PHKK(3,I)         PHKK(4,I)  PHKK(5,I)  VHKK(1,I) VHKK(2,I) VHKK(3,I) IDRES(I)      IDXRES(I) NOBAM(I)
 ============================================
   0   2   1   11   2   1   -5   50   50.1077   0   0   93   2112   0   1   0   1   0   0.32229   2.53052   0.00783413   321.364   171.894   0.324943   321.364   -0.856484   -303.955   0.576514   10.1317   0   0   0   0   0   0   0.0176308   0.330367   -2.12417   1.35478   0.217293   1   1   2   1   0   0   0   0   0   0.883909   0.883909   -0.003095   -0.009045   -0.07002   0   1   346.35   1.25805e-10   2   11
 ============================================
     1   1   11   0   3   0   0   1.23471   0.418084   -3.23216   3.48513   0.00051   -1.62134e-13   -2.81063e-13   -4.63969e-13   0   -1   0
     2   1   11   0   15   0   0   0.50774   1.30344   -0.00365596   1.39884   0.00051   -1.62134e-13   -2.81063e-13   -4.63969e-13   0   -1   0
     3   1   -11   0   15   0   0   -1.69802   -0.933099   0.131039   1.94194   0.00051   -1.62134e-13   -2.81063e-13   -4.63969e-13   0   1   0
     4   1   211   0   21   0   0   -0.0811115   0.344438   4.26161   4.27855   0.13957   -1.62134e-13   -2.81063e-13   -4.63969e-13   0   1   0
     5   1   2112   0   22   0   0   -0.88462   -0.343778   16.9285   16.9811   0.93957   -1.62134e-13   -2.81063e-13   -4.63969e-13   1   0   2
     6   1   -211   0   24   0   0   -0.474573   -0.566091   14.2642   14.2839   0.13957   -1.62134e-13   -2.81063e-13   -4.63969e-13   0   -1   2
     7   1   2212   0   7   0   0   -2.32865   0.007414   46.4029   46.4707   0.93827   1.62134e-13   2.81063e-13   4.63969e-13   1   1   0
     8   1   22   0   26   0   0   -0.0239167   -0.036965   1.15789   1.15873   0   -1.62134e-13   -2.81063e-13   -4.63969e-13   0   0   0
     9   1   22   0   26   0   0   -0.283135   -0.168035   3.23067   3.2474   0   -1.62134e-13   -2.81063e-13   -4.63969e-13   0   0   0
     10   1   22   0   28   0   0   -0.0646457   0.028693   1.07413   1.07645   0   -1.62134e-13   -2.81063e-13   -4.63969e-13   0   0   0
     11   1   22   0   28   0   0   -0.925153   -0.054097   11.1185   11.157   0   -1.62134e-13   -2.81063e-13   -4.63969e-13   0   0   0
 =============== Event finished ===============
   0   3   1   11   2   1   -5   50   50.1077   0   0   91   2112   0   1   0   1   0   0.549613   3.45316   0.00626884   548.275   293.137   3.22353   548.275   -0.00576821   -537.78   0.00513615   6.96845   0   0   0   0   0   0   0.0145562   0.914638   3.07065   1.04102   0.166969   1   1   2   1   0   0   0   2   1   0.674573   0.674573   -0.083794   -0.082906   0.009275   0   1   547.182   -1.51302e-10   1   5
 ============================================
     1   1   11   0   3   0   0   -1.25155   -0.102065   -2.11121   2.45642   0.00051   -9.01288e-13   6.48342e-14   -4.64685e-13   0   -1   0
     2   1   -11   0   15   0   0   0.246024   1.12294   0.423017   1.22493   0.00051   -9.01288e-13   6.48342e-14   -4.64685e-13   0   1   0
     3   1   11   0   15   0   0   0.852217   -0.930112   -2.14836   2.49135   0.00051   -9.01288e-13   6.48342e-14   -4.64685e-13   0   -1   0
     4   1   2112   6   16   0   0   -2.37374   0.003582   48.6538   48.7207   0.93957   4.04069e-14   2.31904e-13   3.73506e-13   1   0   11
     5   1   2212   6   16   0   0   -2.51972   -0.094343   51.0236   51.0945   0.93827   4.04069e-14   2.31904e-13   3.73506e-13   1   1   11
 =============== Event finished ===============
   0   5   1   11   2   1   -5   50   50.1077   0   0   93   2112   0   1   0   1   0   0.846894   4.24419   0.00500026   845.431   451.692   1.75291   845.431   -0.586938   -829.254   0.489659   10.4159   0   0   0   0   0   0   0.0124012   0.526368   -2.20856   1.27392   0.204325   1   1   2   1   0   0   0   0   0   0.432103   0.432103   -0.014516   -0.01605   -0.001484   0   1   846.998   0   2   9
 ============================================
     1   1   11   0   3   0   0   -0.156601   0.792767   -0.557388   0.981674   0.00051   -3.25543e-13   -4.22898e-13   4.77756e-13   0   -1   0
     2   1   13   0   15   0   0   0.785133   -1.13652   -0.723497   1.56292   0.10566   -3.25543e-13   -4.22898e-13   4.77756e-13   0   -1   0
     3   1   -13   0   15   0   0   -0.904134   1.01502   -2.9151   3.21819   0.10566   -3.25543e-13   -4.22898e-13   4.77756e-13   0   1   0
     4   1   2112   0   23   0   0   -0.441169   0.108897   10.3774   10.4297   0.93957   -3.25543e-13   -4.22898e-13   4.77756e-13   1   0   2
     5   1   -211   0   23   0   0   -0.0963443   -0.159106   6.95897   6.96286   0.13957   -3.25543e-13   -4.22898e-13   4.77756e-13   0   -1   0
     6   1   211   0   24   0   0   -1.56945   -0.665618   26.0607   26.1168   0.13957   -3.25543e-13   -4.22898e-13   4.77756e-13   0   1   0
     7   1   2212   0   7   0   0   -2.51181   -0.017186   49.9268   49.9987   0.93827   3.25543e-13   4.22898e-13   -4.77756e-13   1   1   0
     8   1   22   0   28   0   0   -0.137859   0.056763   5.65102   5.65299   0   -3.25543e-13   -4.22898e-13   4.77756e-13   0   0   0
     9   1   22   0   28   0   0   0.0236852   0.004991   0.298364   0.299344   0   -3.25543e-13   -4.22898e-13   4.77756e-13   0   0   0
 =============== Event finished ===============